234480
282220
306313
306316
306319
306320
348064
361459
419333
424331
424333
424336
449523
449525
449527
552760
557448
557449
557450
621266
621275
621287
630257
731299
745344
745347
776002
842009
842010
850148
850150
850151
850153
890519
890521
890522
945657
945659
960863
961565
971499
971500
971501
971502
971503
971504
971505
971506
971507
971508
971509
971809
983195
983196
987149
987151
987152
987156
987162
987165
1005266
1005271
1005279
1015135
1015136
1022790
1022791
1022793
1032569
1032570
1032580
1032581
1032582
1032583
1039137
1039138
1039142
1045017
1045018
1045020
1058097
1058098
1058099
1058100
1064979
1141590
1182834
1183198
1183199
1183200
1183203
1188563
1208508
1208509
1211169
1211172
1211177
1215414
1216511
1242459
1242461
1280016
1280017
1280018
1291016
1291017
1299598
1299599
1301162
1301163
1301164
1301175
1315090
1384439
1384506
1384510
1384513
1385437
1397522
1402730
1412129
1456116
1456117
1456415
1456417
1456421
1498592
1501194
1557694
1557697
1557698
1557706
1582136
1582137
1583924
1591652
1591653
1591654
1604795
1604798
1604801
1606252
1608372
1609651
1609659
1615818
1615820
1615822
1615827
1615829
1615831
1615837
1615838
1615839
1615840
1616341
1616454
1617883
1617884
1620635
1622045
1622792
1625094
1628444
1629784
1635702
1637039
1637040
1638580
1638592
1638648
1647895
1669473
1669597
1678518
1684196
1699819
1702427
1711264
1733263
1733264
1733266
1733267
1733271
1733273
1733274
1733275
1786791
1786792
1786793
1786794
1786795
1786796
1787100
1790968
1790970
1790971
1811198
1811199
1811221
1811222
1811223
1811224
1811225
1811226
1811227
1811228
1811246
1824451
1837255
1837256
1837272
1850250
1850274
1861909
1861935
1861936
1861938
1861939
1862005
1884469
1884470
1884474
1884475
1884480
1884481
1884485
1911511
1911512
1911513
1911514
1911516
1935739
1936829
1943088
1943264
1948297
1948298
1948516
1948517
1948518
1948519
1948520
1955893
1957641
1957642
1957643
1957644
1957645
1958270
1959696
1964549
1964551
1964572
1964608
1964609
1976079
1979473
1980169
1981336
1994271
2005113
2017519
2019619
2052991
2057860
2084430
2084435
2085361
2085363
2085369
2085370
2085371
2100756
2100775
2100776
2100810
2101659
2101660
2101661
2101662
2104115
2104116
2115249
2115265
2115266
2115268
2115271
2115273
2128345
2129180
2129240
2129242
2129791
2129792
2129795
2129806
2129807
2129808
2129809
2129811
2148171
2156295
2156373
2156653
2157797
2161134
2161165
2164223
2164224
2164234
2164237
2164322
2164847
2164853
2164894
2164950
2164961
2172006
2175307
2175339
2180683
2180712
2180753
2181104
2181106
2183757
2189851
2189903
2190249
2192072
2194457
2217531
2222028
2235066
2235105
2288644
2288645
2288650
2288704
2293882
2303643
2304325
2304440
2304572
2326245
2326332
2332829
2332830
2332838
2332839
2343101
2343155
2343198
2346261
2346285
2346410
2346754
2347156
2347157
2347315
2359408
2359413
2359414
2359419
2359431
2359432
2359440
2359443
2359445
2359446
2359452
2359465
2359471
2387339
2387340
2387341
2387342
2387343
2387344
2387345
2387346
2387347
2387350
2387354
2387355
2387356
2387357
2387358
2389198
2390902
2390923
2391010
2391279
2399990
2399991
2399992
2400006
2400009
2400010
2401309
2401314
2401318
2414186
2414187
2414201
2414202
2414203
2414204
2414205
2414206
2419002
2437172
2437208
2437275
2441851
2464946
2473368
2473740
2476156
2476157
2476160
2476163
2476168
2479523
2479902
2479939
2479965
2479983
2485174
2487104
2487106
2487108
2489035
2507918
2507947
2507948
2507950
2512692
2515361
2515381
2521389
2521399
2526093
2526128
2526134
2527676
2532425
2533537
2533564
2533765
2534677
2534705
2534760
2534761
2534827
2535189
2539816
2539817
2539818
2541509
2542273
2542410
2545705
2545714
2545742
2547784
2547785
2547786
2547789
2557556
2570856
2570859
2578510
2583325
2583579
2583731
2583774
2583826
2605185
2605186
2605187
2605188
2605189
2605192
2605193
2606527
2606533
2606539
2606702
2612735
2614349
2696496
2696509
2696525
2702397
2709484
2711515
2711523
2711536
2711553
2711575
2711584
2711663
2711963
2712088
2712119
2712149
2712502
2712506
2712508
2712555
2714403
2714524
2714533
2714548
2714764
2714767
2714814
2714938
2720112
2720158
2720159
2723218
2732638
2732788
2732799
2736945
2736946
2736947
2736976
2736989
2736990
2736992
2736993
2737007
2737008
2737011
2737012
2737014
2737030
2741012
2741014
2741016
2741017
2741018
2741026
2741268
2741276
2741281
2741282
2741292
2741293
2741294
2741296
2741298
2741300
2742452
2742472
2742474
2744549
2751667
2751739
2751749
2751758
2751763
2751768
2751770
2751799
2751806
2751813
2751815
2751819
2751829
2751831
2751882
2751909
2751965
2752809
2764279
2764283
2771581
2771587
2775615
2777964
2784662
2788201
2788589
2788591
2788605
2801180
2801181
2801182
2801183
2806094
2806095
2810158
2818308
2818310
2818314
2818316
2818323
2821852
2834585
2834587
2834589
2835756
2836085
2836095
2836118
2836135
2836278
2836338
2836351
2836424
2836426
2836437
2836454
2836458
2836472
2836488
2847268
2847344
2850245
2850254
2850301
2850320
2850324
2850438
2850442
2850730
2850740
2850741
2850743
2850806
2850816
2850820
2850834
2850864
2850880
2850958
2850959
2851099
2851100
2851106
2851108
2860308
2860681
2860801
2860803
2861645
2866977
2867006
2867048
2867173
2867873
2867908
2869103
2869624
2869685
2869750
2870095
2870297
2870400
2870403
2870415
2870416
2871105
2871107
2871111
2871112
2871113
2871128
2878642
2878653
2886235
2886308
2886314
2888836
2906316
2906321
2906349
2907474
2907878
2907951
2911396
2921582
2921680
2921786
2921831
2940491
2996683
2996686
3012017
3012020
3029721
3030534
3030536
3030538
3030541
3030543
3031430
3032887
3032918
3033249
3033320
3034306
3034336
3034346
3034366
3034369
3034370
3037465
3037471
3037472
3039439
3039441
3039442
3039444
3039446
3039449
3039451
3039452
3046702
3051496
3056322
3059707
3059708
3059709
3059710
3059712
3059713
3059719
3059720
3059721
3062804
3062808
3062826
3062830
3062837
3062852
3062857
3062859
3062867
3062871
3062873
3062877
3062884
3062886
3064005
3064161
3064298
3064467
3064529
3064631
3065000
3065182
3065199
3065219
3065256
3065452
3067548
3067643
3067644
3067645
3067671
3067712
3067714
3080281
3080282
3081491
3081494
3081495
3081496
3081498
3081499
3081500
3081503
3081504
3081506
3081507
3081512
3081513
3081514
3081516
3081517
3081518
3081519
3081520
3083790
3083792
3083794
3094141
3094151
3094153
3096248
3096448
3096449
3096451
3096454
3096455
3109010
3109046
3109051
3109060
3109080
3109089
3109095
3109107
3109155
3109158
3109676
3109700
3109741
3109900
3109939
3114833
3114840
3114853
3114854
3114855
3114894
3114908
3114913
3114914
3114920
3114921
3119876
3119879
3119880
3119881
3119883
3119885
3119890
3124195
3124196
3124283
3124303
3124312
3124313
3138551
3143666
3143690
3143778
3143780
3143783
3143786
3143788
3154761
3154790
3154802
3154969
3154975
3154978
3154984
3154990
3154993
3155026
3155032
3155033
3155035
3155065
3155071
3155079
3155085
3162672
3162739
3162740
3162741
3170227
3170601
3173755
3174927
3179906
3180131
3180132
3180141
3180142
3180168
3181949
3181951
3187870
3187878
3187923
3187939
3187958
3191496
3203695
3203700
3203720
3204699
3204725
3204729
3204737
3204743
3204878
3204934
3204945
3205019
3205105
3213548
3218244
3224030
3224187
3224958
3225021
3225200
3225526
3225541
3225566
3226683
3226686
3226688
3226702
3226704
3226706
3226708
3226709
3226716
3228764
3235837
3241676
3241753
3241779
3244816
3244818
3244820
3244823
3244825
3244827
3244829
3251732
3255766
3257723
3257726
3257728
3257730
3257734
3257740
3257742
3262325
3262326
3262329
3262331
3262332
3263745
3263756
3263860
3263933
3264017
3264047
3264068
3264087
3264100
3264901
3264902
3271281
3271408
3271511
3271512
3271533
3271546
3272078
3277821
3277828
3283433
3283434
3283501
3283505
3283506
3283508
3283547
3283548
3283549
3283550
3283551
3283561
3283563
3283736
3285941
3285947
3285969
3285975
3285981
3288819
3288823
3288826
3288862
3288876
3288877
3288916
3288919
3288921
3288989
3289754
3289755
3289756
3289758
3290710
3299920
3299924
3299944
3299964
3299976
3300241
3300242
3300482
3300483
3300484
3315108
3315160
3315209
3316312
3316313
3320325
3323759
3324453
3324515
3324618
3324640
3324764
3325145
3325429
3326036
3328615
3330943
3330950
3330951
3330957
3330961
3337685
3337686
3337688
3337689
3348276
3348277
3348278
3348279
3348280
3348281
3348282
3348283
3348284
3348285
3348287
3348288
3348289
3348291
3348292
3348294
3348295
3348296
3351732
3354933
3393134
3393170
3393364
3393591
3393595
3393603
3421113
3426602
3434427
3434431
3434441
3434464
3434500
3434506
3434507
3448098
3457726
3457743
3465167
3465169
3466009
3466030
3466034
3466050
3466060
3466066
3466527
3466534
3466541
3466549
3468952
3468954
3468956
3468979
3469200
3469204
3469209
3469214
3469225
3469287
3469325
3469343
3469463
3469474
3469501
3469511
3469516
3469526
3469539
3469556
3469587
3469589
3469592
3469593
3471496
3471497
3471498
3479205
3479212
3479213
3479287
3479288
3479314
3479316
3479318
3479319
3479324
3479325
3484440
3484565
3484566
3484568
3484574
3484602
3484626
3484973
3487724
3487837
3487865
3487909
3493138
3493139
3493145
3503945
3505408
3509889
3510128
3510178
3510235
3510284
3510312
3510324
3510688
3510696
3510703
3510712
3510720
3510725
3510744
3510751
3510756
3510764
3510772
3510858
3511035
3511050
3511057
3511131
3511186
3511194
3511511
3511575
3511886
3511887
3511888
3511889
3511890
3511891
3511894
3511895
3511896
3511899
3511900
3511901
3511902
3511903
3516230
3516231
3516232
3516233
3516234
3516235
3516236
3516244
3516247
3516248
3516251
3516252
3516254
3516255
3521959
3521960
3521961
3531136
3531138
3531140
3531142
3531144
3531270
3531295
3531296
3531298
3531299
3533486
3533487
3533488
3533492
3533494
3536653
3536654
3536655
3536656
3536659
3536665
3536670
3536672
3536673
3536675
3536678
3536679
3536680
3536685
3536733
3536734
3536738
3536740
3536745
3536746
3536747
3536748
3536769
3536771
3539892
3539902
3539903
3539904
3539905
3539913
3542818
3542853
3542854
3542913
3542915
3542916
3542917
3542920
3542938
3542946
3542947
3542948
3542949
3546632
3546634
3546641
3551175
3551176
3551177
3551178
3551179
3551180
3551181
3551182
3551183
3554456
3560912
3570320
3571175
3571178
3571179
3571183
3571187
3571190
3571193
3575415
3575416
3575417
3575422
3575423
3575424
3575425
3575427
3575428
3575429
3575430
3575433
3575437
3575439
3575448
3575449
3575454
3575456
3575457
3575458
3575460
3575461
3575480
3575481
3575483
3575484
3575486
3575487
3575494
3584988
3585055
3585098
3585106
3585216
3585220
3585225
3585583
3585585
3585586
3585587
3585589
3585591
3585594
3585596
3585597
3589957
3589958
3589959
3589960
3589961
3589962
3590278
3590333
3591866
3593965
3593967
3593968
3593969
3594646
3594676
3594986
3598894
3598898
3598917
3598935
3598979
3599037
3599111
3599215
3599272
3599279
3599301
3599302
3599305
3599322
3599325
3599332
3599344
3599346
3599347
3599349
3599351
3599355
3599363
3599364
3599365
3599366
3599369
3599373
3599375
3599377
3599379
3599382
3599384
3599387
3599392
3599461
3599463
3599470
3599471
3599472
3599473
3599474
3599475
3599476
3599477
3599478
3599479
3599483
3599485
3599486
3599487
3599488
3599489
3599490
3599491
3599492
3599494
3599495
3599497
3599498
3599499
3599504
3599505
3599506
3599507
3599508
3599512
3599513
3599519
3599525
3599529
3599530
3599531
3599532
3599533
3599534
3599538
3599539
3599540
3599543
3599546
3599550
3599551
3599552
3599561
3600995
3600997
3600998
3600999
3601002
3601003
3603134
3603508
3603676
3605729
3607193
3611972
3611974
3611975
3611976
3611977
3611978
3611979
3611982
3611983
3611984
3611987
3611994
3611998
3612024
3612036
3612040
3612062
3612101
3612105
3612110
3612111
3612113
3612114
3612115
3612117
3612118
3612119
3612121
3612122
3612145
3612147
3612150
3612153
3612155
3612158
3612159
3612162
3612718
3612722
3612723
3612724
3612725
3612728
3612733
3612734
3612735
3612739
3612740
3612746
3612747
3612753
3612756
3612757
3612758
3612759
3619388
3619770
3620433
3620435
3620444
3624301
3630304
3633712
3638679
3638680
3638682
3638684
3639166
3639198
3639409
3639410
3639411
3639414
3639415
3639424
3639445
3639453
3639479
3639480
3639486
3639487
3639495
3639496
3639497
3639501
3639502
3639505
3639507
3639508
3639540
3639543
3639544
3639545
3639546
3639547
3639548
3639557
3639561
3639562
3639570
3639631
3644569
3646659
3646660
3646661
3646662
3646665
3646666
3646678
3650968
3650978
3650982
3650986
3650995
3651007
3651014
3651025
3651032
3651038
3651043
3651047
3655387
3655511
3667798
3667803
3667808
3667810
3667813
3667828
3667835
3668917
3668919
3681695
3698508
3698509
3698510
3702148
3702885
3709757
3709760
3709762
3711802
3711803
3711805
3712724
3728598
3728599
3728603
3728616
3728619
3728620
3728622
3728623
3731160
3734843
3734844
3735376
3738857
3738860
3738862
3738866
3738869
3738871
3738873
3738875
3738877
3738879
3738881
3738883
3743447
3743448
3759910
3768246
3768247
3772186
3777228
3777230
3777231
3777232
3777233
3781980
3782085
3782094
3782469
3782471
3782472
3782474
3782476
3782477
3782485
3782486
3782487
3782953
3783075
3783076
3783077
3783081
3783082
3783083
3783084
3783092
3783093
3783094
3783098
3783417
3783486
3783992
3784025
3784124
3784201
3784493
3784496
3784508
3784537
3784546
3784611
3784614
3784732
3784773
3784774
3784785
3784992
3784996
3785022
3785048
3785092
3785097
3785102
3785239
3785645
3785647
3785655
3785656
3785662
3785666
3785672
3785674
3785679
3785684
3787856
3787857
3787862
3787863
3792814
3792817
3792818
3792837
3792838
3792845
3792850
3794545
3794566
3794581
3794783
3794784
3794797
3794819
3794826
3794838
3794839
3794874
3794880
3794885
3795912
3814170
3817353
3817363
3817367
3817369
3818323
3820982
3820994
3821001
3821003
3821004
3823870
3823895
3823930
3824787
3832494
3832548
3832551
3832563
3832575
3832591
3832594
3832628
3832663
3832683
3832703
3832795
3833577
3836357
3836358
3836395
3836510
3836925
3836926
3836927
3836941
3837841
3837842
3837844
3837845
3837846
3837847
3837848
3837850
3837851
3838651
3838653
3838685
3838687
3839305
3839309
3839310
3839312
3839314
3839338
3839379
3839380
3839384
3839389
3839392
3839395
3839616
3839617
3839618
3839625
3839627
3839630
3839631
3839632
3839633
3839679
3839680
3839681
3839683
3839684
3839686
3839688
3839753
3839755
3839756
3839764
3839767
3839872
3839875
3848298
3848300
3848302
3848303
3848305
3848307
3848310
3848322
3848324
3848326
3848330
3848331
3852205
3863151
3863152
3863179
3863180
3863182
3863224
3863225
3863247
3863264
3863266
3863310
3863311
3863338
3863339
3863343
3863344
3863345
3863373
3863386
3863459
3863526
3863528
3866371
3866372
3866748
3866826
3866828
3866853
3866883
3866924
3866926
3867379
3867735
3867736
3869904
3869905
3869906
3869909
3869910
3869919
3869920
3869925
3869926
3869927
3869928
3869929
3869930
3869931
3869934
3869935
3869936
3870068
3870070
3870071
3870072
3870074
3870076
3870078
3870080
3870083
3870084
3870085
3870087
3870088
3870089
3870090
3870091
3870097
3870103
3870106
3870107
3870108
3870109
3870110
3870111
3870112
3870113
3870114
3870115
3870116
3870119
3870120
3870134
3870135
3870136
3870137
3870138
3870139
3870142
3870143
3870144
3870145
3870146
3870147
3870148
3870149
3870150
3870151
3870152
3870153
3870154
3870155
3870156
3870157
3870158
3870159
3870160
3870161
3870162
3870163
3870166
3870167
3870169
3870174
3870175
3870176
3870183
3870184
3870187
3870188
3870189
3870191
3870194
3870195
3870196
3870197
3872308
3872328
3872383
3877473
3883054
3887672
3888576
3888742
3888747
3888756
3889558
3891814
3891831
3891845
3891854
3891856
3891858
3891859
3891921
3898248
3900165
3900198
3900205
3901240
3901246
3901251
3901438
3901548
3901581
3901584
3901595
3901634
3901738
3901837
3901854
3901882
3901940
3901947
3901954
3901957
3901980
3901983
3901988
3901994
3902000
3903265
3905801
3905809
3921101
3921108
3921113
3921148
3921155
3921162
3921177
3927762
3928176
3928206
3928222
3928230
3928243
3928245
3928295
3928298
3931475
3938035
3938063
3938066
3948674
3948676
3948679
3950245
3950256
3959631
3964871
3968452
3968456
3968466
3968697
3974304
3974315
3974353
3974355
3974488
3974489
3974497
3974499
3974500
3974525
3974526
3974530
3974531
3974534
3974535
3974536
3974539
3974542
3974544
3974560
3974563
3974595
3974598
3974603
3974604
3974605
3974606
3974613
3974614
3974615
3974616
3974617
3974618
3974619
3976539
3976540
3976597
3976965
3976971
3977477
3977488
3980769
3980779
3986124
3987399
3987413
3988357
3988583
3988624
3988649
3988662
3988715
3988836
3988874
3988881
3989200
3989220
3989247
3989256
3989282
3989319
3989344
3989363
3989367
3989375
3989393
3989411
3993408
4002590
4002598
4008268
4008283
4008295
4008538
4008543
4009266
4009280
4009281
4018783
4019073
4019074
4019076
4019077
4019079
4019080
4019081
4022782
4022783
4022785
4022786
4022788
4022789
4022791
4028835
4031165
4034887
4036295
4036305
4036307
4036308
4036310
4037729
4037876
4041750
4041752
4041818
4042936
4042937
4042939
4042943
4042944
4042945
4042947
4044413
4044417
4044420
4044428
4045014
4045042
4045046
4045065
4045085
4045102
4045139
4045165
4045171
4045309
4045323
4045330
4045526
4045601
4045608
4053195
4053242
4053258
4055771
4055778
4055792
4060338
4060352
4060708
4062254
4073361
4073381
4073393
4073892
4074128
4074628
4074649
4075971
4075973
4079344
4079345
4079358
4079375
4080151
4080152
4080154
4080155
4080156
4080157
4080173
4084464
4084470
4084482
4093014
4093055
4093459
4093483
4093511
4093520
4093528
4094338
4094341
4094500
4095844
4095850
4095857
4095858
4095860
4095861
4095881
4095882
4095899
4095900
4095901
4095902
4095903
4095904
4095916
4095917
4095918
4095919
4095921
4095922
4095923
4095928
4095930
4095934
4095935
4095936
4095937
4095938
4095939
4095945
4095949
4097930
4099900
4099903
4114464
4116150
4116151
4129213
4129426
4129539
4129620
4129652
4129654
4129657
4130009
4135168
4135169
4135413
4136611
4136694
4137036
4137289
4137455
4137468
4137473
4137482
4137487
4137491
4137514
4137518
4137524
4137534
4137545
4137550
4137555
4137568
4137577
4137583
4137588
4137603
4137617
4137626
4137666
4137675
4137703
4137786
4139007
4139008
4139014
4139019
4139021
4139022
4139023
4139024
4139025
4139026
4139027
4139033
4139034
4139039
4139040
4139042
4139043
4139044
4139048
4143845
4144418
4144421
4144424
4144441
4144442
4144443
4144444
4144445
4144448
4144449
4144450
4144451
4144455
4148329
4148331
4148332
4148481
4148505
4148517
4148518
4148519
4148540
4157065
4157098
4162415
4162416
4166708
4185341
4185387
4187343
4187344
4187345
4187349
4187366
4187367
4198354
4214423
4214425
4214426
4214427
4214429
4214431
4220557
4221805
4224509
4224622
4226976
4226981
4232407
4232408
4232419
4232421
4232422
4237016
4237017
4249738
4249741
4255933
4255934
4281735
4282916
4283088
4283219
4283232
4283482
4283535
4283588
4283636
4283723
4283832
4283854
4283861
4283962
4283976
4284014
4284328
4284621
4284732
4284979
4285019
4287649
4288851
4288925
4288926
4288927
4288933
4288934
4288935
4288936
4288939
4288941
4288942
4288944
4288945
4288946
4288948
4288949
4288950
4288952
4289682
4289772
4289776
4289781
4289804
4289811
4289815
4289820
4289828
4289835
4289838
4290007
4290017
4290060
4296753
4301120
4301245
4301494
4301498
4301692
4301697
4302058
4302061
4302062
4302070
4302164
4302199
4302220
4303162
4303264
4303308
4303454
4303545
4303955
4308174
4308175
4308176
4308179
4308180
4308184
4308185
4308186
4308187
4308188
4308192
4308193
4308203
4308204
4308205
4308206
4309321
4313201
4313212
4313235
4313250
4313319
4313338
4313474
4313577
4313602
4313608
4313612
4313614
4313616
4313630
4313634
4313649
4313657
4313660
4313665
4313677
4313735
4314144
4314152
4314259
4314290
4314308
4314324
4314336
4314721
4319468
4319474
4319476
4319477
4319478
4319479
4319494
4319495
4319501
4324513
4324518
4326524
4326526
4326527
4326528
4326532
4326533
4326535
4326536
4326538
4326543
4326544
4326554
4326556
4326559
4326561
4326563
4326565
4326568
4333516
4333517
4333519
4333530
4333531
4333532
4333535
4333536
4333537
4333538
4333544
4333545
4333546
4333555
4333556
4333557
4333558
4335905
4335908
4335909
4335910
4335911
4335918
4335920
4335924
4335929
4335931
4335936
4335939
4335940
4339271
4342330
4342335
4342346
4342425
4342441
4343992
4344002
4344005
4344006
4344015
4344016
4344018
4344020
4344021
4344023
4344025
4344027
4344028
4344030
4348432
4348836
4348837
4353276
4353278
4353280
4353364
4353375
4353376
4353414
4353415
4353416
4353468
4353469
4353471
4353472
4353474
4353476
4353477
4353481
4353483
4353493
4353499
4353581
4353582
4353584
4356033
4356034
4356035
4356083
4356084
4365715
4367719
4367916
4368855
4368856
4368857
4368858
4368866
4368867
4368868
4368888
4368889
4368891
4368910
4368925
4368930
4368931
4368947
4368948
4368949
4368965
4368968
4368969
4368993
4368997
4369035
4369047
4369048
4369747
4369756
4369936
4370835
4370859
4371387
4371409
4371433
4371467
4371470
4371912
4372232
4372234
4372235
4372239
4372258
4372261
4372336
4372338
4375059
4375108
4375109
4375110
4375168
4375262
4375297
4375299
4375424
4375427
4376420
4376448
4376515
4376518
4376523
4376524
4376530
4376532
4376536
4376539
4376541
4376542
4376606
4376615
4377506
4377577
4377616
4388767
4391216
4391217
4391218
4391220
4391221
4391222
4391228
4391240
4391249
4391253
4391256
4391258
4391266
4391279
4391281
4391282
4391284
4391290
4392780
4392781
4392786
4392787
4392788
4392791
4393165
4393168
4393431
4396451
4396468
4396469
4396471
4396473
4396475
4396476
4396478
4396483
4396484
4396485
4396486
4396517
4396601
4396987
4396993
4396994
4396995
4396996
4396998
4397007
4397022
4397023
4397024
4397025
4397030
4397031
4397032
4397044
4397047
4397073
4398163
4398423
4398431
4402845
4402955
4403017
4403051
4403070
4403094
4403120
4403129
4403285
4403297
4403308
4403337
4403351
4403558
4403578
4403583
4403606
4403620
4403652
4403661
4403667
4403675
4403686
4403700
4403769
4403778
4403789
4403796
4403803
4403813
4403844
4406404
4406405
4406407
4406409
4406410
4406412
4408917
4408919
4408920
4408922
4408924
4408925
4408926
4408934
4408939
4408941
4408944
4408945
4408946
4408948
4408951
4412155
4412157
4412158
4412159
4412160
4420574
4420586
4420587
4421496
4421497
4421498
4421502
4421503
4421508
4421521
4421524
4421528
4421530
4422913
4422914
4422915
4422916
4422917
4422919
4422920
4422921
4422922
4422923
4422924
4422925
4422926
4422927
4422928
4422931
4422932
4422933
4422936
4422938
4422939
4422943
4422951
4422953
4422954
4422957
4422958
4423189
4423193
4423194
4423196
4423198
4423199
4423200
4423201
4423202
4423211
4423222
4426815
4429242
4429269
4429271
4429273
4429298
4429311
4429312
4429315
4429318
4429319
4429321
4429322
4429324
4429327
4429329
4429332
4429333
4429336
4429339
4429340
4429342
4429344
4429345
4429346
4432605
4432613
4434089
4434090
4434195
4434197
4434679
4436825
4437498
4438097
4438543
4438545
4439459
4439460
4439515
4439517
4439521
4439522
4442897
4442940
4442961
4443012
4443028
4443044
4443562
4443578
4443597
4443606
4443663
4443673
4443675
4443700
4443723
4443733
4443762
4443772
4443790
4443943
4443960
4443980
4443987
4444010
4444033
4444076
4444100
4444108
4444187
4444792
4445014
4445388
4445824
4450943
4450945
4450947
4455297
4455300
4455301
4455304
4455305
4455308
4455309
4455311
4455313
4455314
4455319
4455340
4455343
4455344
4455346
4455348
4455356
4455358
4455360
4455361
4455364
4455366
4455369
4456391
4456392
4456393
4456399
4456404
4456536
4456537
4457871
4460937
4465851
4465853
4465883
4466149
4466154
4478742
4478743
4478744
4478746
4478754
4478755
4478756
4478757
4478758
4478762
4478764
4478765
4478766
4478767
4480365
4480394
4482694
4482705
4482716
4483098
4483101
4483199
4483352
4483353
4489502
4489504
4489505
4489507
4489509
4489511
4498034
4498074
4499361
4499373
4499377
4499414
4499416
4499444
4499447
4499452
4499453
4499463
4499466
4499468
4499471
4499475
4499769
4499775
4499777
4500063
4500070
4500072
4500074
4500075
4500076
4500078
4500079
4500080
4500081
4500084
4500085
4500087
4500088
4500089
4500090
4500091
4500095
4500096
4500097
4500098
4500102
4500103
4500119
4500120
4500121
4500122
4500123
4500130
4502315
4502352
4502376
4502380
4508881
4510753
4510754
4516413
4516448
4516449
4516451
4516454
4516457
4516461
4517008
4517015
4517018
4517040
4517302
4517322
4517541
4517551
4517560
4517568
4517918
4517930
4517936
4518089
4522327
4522328
4537109
4537110
4537111
4541350
4541351
4541352
4541353
4541354
4544494
4544730
4544884
4544888
4544912
4544914
4544915
4544943
4544994
4544995
4544997
4545069
4545078
4551832
4552213
4552214
4552216
4552220
4552242
4552277
4552281
4559016
4565683
4567783
4567786
4567788
4567792
4572316
4572438
4572443
4572446
4585089
4585090
4585104
4585106
4586150
4586396
4586397
4586398
4586405
4586411
4586412
4590680
4590681
4590682
4590691
4590693
4590696
4598269
4598270
4598292
4598299
4598300
4598301
4607052
4607086
4613526
4615997
4615998
4616004
4616012
4616020
4616021
4616027
4616028
4616058
4616067
4616069
4616072
4616073
4616075
4616076
4616078
4616079
4616086
4616087
4616096
4616099
4616100
4630887
4630944
4630945
4641620
4642069
4642417
4647546
4648575
4656192
4656217
4656219
4656220
4656222
4656223
4656225
4656226
4656228
4656229
4656230
4656232
4656233
4656234
4656239
4656241
4656245
4656248
4658912
4658913
4658914
4658915
4661218
4667612
4667613
4667619
4667620
4667621
4667622
4667623
4671544
4671548
4671549
4671553
4671554
4671555
4671558
4671559
4671560
4671564
4671565
4671566
4671567
4671571
4679224
4679225
4679228
4679272
4679297
4679303
4679306
4679313
4679314
4679315
4679379
4679381
4679403
4679417
4679423
4679424
4679425
4694198
4694231
4694233
4694279
4694280
4694281
4694287
4694299
4694310
4696067
4696105
4696220
4696249
4699670
4699680
4699681
4699682
4705386
4705572
4705616
4705618
4705639
4705641
4705648
4705691
4705721
4705734
4705742
4705781
4705818
4705837
4705904
4705927
4706319
4706324
4718163
4718205
4718346
4718360
4718463
4718496
4718521
4720128
4720129
4720131
4720136
4720138
4720139
4720140
4720148
4720151
4721743
4721744
4721746
4721748
4731856
4731857
4731858
4731859
4731860
4731861
4734312
4735487
4735489
4735490
4735491
4735492
4735496
4735498
4741949
4741954
4741957
4741966
4741973
4742046
4743584
4743600
4744086
4744093
4744094
4744096
4744141
4744144
4744146
4744184
4744257
4744415
4744444
4745182
4745740
4745741
4745754
4745755
4745756
4745757
4745758
4745759
4745761
4745764
4745765
4745768
4745769
4745770
4745771
4745774
4745775
4745776
4745777
4745778
4745779
4747176
4747179
4747180
4747181
4749680
4749688
4749689
4749691
4750802
4750891
4750982
4750984
4750987
4753248
4753251
4753257
4753306
4753320
4753324
4753340
4757488
4757494
4757637
4757679
4757688
4760721
4760726
4760735
4760739
4760742
4760745
4760747
4760750
4760772
4760773
4760960
4760961
4760962
4760967
4760972
4760973
4760974
4760975
4760976
4760979
4760982
4760983
4760984
4760985
4760987
4760989
4760990
4760991
4760992
4761002
4761003
4761004
4761005
4761007
4761127
4761128
4761129
4761130
4761132
4761133
4763634
4764019
4764021
4768139
4768140
4768141
4768143
4768148
4768149
4768152
4768154
4768158
4768159
4770001
4770076
4770327
4770751
4770809
4770863
4773243
4773244
4773246
4773252
4773253
4773255
4773257
4773268
4773269
4773270
4773278
4773279
4773286
4773299
4773311
4773312
4773324
4773327
4773328
4776975
4777038
4777050
4777096
4777142
4777163
4777185
4777193
4777196
4777237
4777253
4777287
4777385
4777455
4777495
4777529
4777747
4777798
4777820
4777850
4781904
4791549
4791552
4791554
4791556
4791624
4791626
4791629
4791631
4791742
4791743
4791752
4791753
4791760
4791762
4791764
4791765
4791778
4791779
4791783
4791784
4791786
4791791
4791794
4791795
4793283
4793491
4793503
4793519
4793523
4793554
4793564
4795743
4795746
4795798
4795800
4795813
4796477
4796657
4796658
4796667
4796674
4796679
4796683
4796684
4808035
4808039
4808040
4808044
4808049
4808051
4808053
4808054
4808058
4808072
4808073
4808074
4808075
4808076
4808113
4808116
4808122
4808134
4808136
4808906
4808908
4808910
4808911
4808913
4808915
4808916
4808917
4808918
4808919
4808920
4808921
4812739
4812759
4812825
4812845
4812864
4812874
4813068
4813075
4813137
4813139
4813144
4813149
4814001
4814013
4814032
4814074
4814075
4814336
4814337
4814338
4820485
4821965
4822860
4822868
4822888
4822952
4827233
4827234
4827236
4827241
4827242
4827265
4827267
4827269
4827323
4828101
4828479
4828485
4828491
4834178
4834179
4834180
4834182
4834184
4834185
4834186
4834187
4834188
4838114
4840283
4840327
4840334
4840344
4840347
4840349
4840397
4840401
4840404
4840406
4840418
4844512
4844513
4844514
4844519
4849116
4849117
4849118
4849119
4849120
4849121
4849122
4849123
4849126
4849127
4849128
4849129
4849130
4849131
4849132
4849133
4849134
4849135
4849136
4849137
4849138
4849139
4849140
4849141
4849142
4849143
4849144
4851874
4851884
4851939
4851980
4852012
4852105
4852107
4853895
4853897
4853900
4861165
4861237
4861312
4861662
4861745
4861752
4861781
4871153
4871154
4871155
4871185
4871188
4871206
4871207
4871208
4871210
4871211
4871280
4871281
4871299
4871309
4871319
4871321
4871323
4871326
4871327
4871328
4871329
4871333
4871334
4871335
4871349
4871351
4871352
4872074
4872075
4872076
4872078
4872080
4872081
4872084
4872085
4875330
4875337
4876058
4876086
4876167
4876187
4876227
4876238
4876248
4876262
4876285
4876328
4876359
4882320
4882333
4882452
4882455
4882457
4882459
4882461
4882463
4882466
4882472
4882474
4882476
4882611
4882685
4882735
4882736
4882737
4882910
4885997
4885999
4886010
4886013
4886041
4886043
4886053
4886054
4886055
4886057
4886059
4886077
4886079
4886212
4886214
4886217
4892388
4892391
4892393
4892397
4892398
4892400
4892401
4892403
4896764
4896765
4896776
4896777
4896778
4896780
4896802
4896806
4896808
4896809
4896811
4896818
4896820
4896821
4898217
4898221
4902225
4902240
4902295
4902356
4902395
4902399
4902405
4902417
4902507
4904348
4907255
4907472
4907729
4907891
4908902
4908909
4908935
4908938
4916379
4916449
4916632
4916636
4916644
4916692
4916717
4916724
4916729
4916740
4916843
4917049
4917058
4917086
4917091
4917112
4917127
4917156
4917159
4926927
4926928
4926930
4926932
4926936
4928806
4928807
4928808
4928810
4928811
4929058
4929082
4929137
4929281
4930796
4932308
4932365
4932425
4932429
4932430
4932431
4932467
4932473
4932726
4932767
4940302
4940303
4940310
4940311
4940314
4940317
4940349
4941984
4946196
4946232
4946579
4946629
4947080
4947193
4947217
4947364
4947425
4947945
4947978
4948026
4948329
4948388
4948442
4948486
4948551
4948618
4948638
4948662
4948738
4948777
4948816
4948876
4948898
4948973
4948992
4949001
4949044
4949110
4949147
4949174
4949205
4949243
4949298
4949316
4949425
4949486
4949622
4949756
4949829
4950388
4950391
4950396
4950400
4950794
4950795
4950942
4950955
4950977
4955998
4956000
4956002
4956004
4956010
4956133
4960234
4960256
4960325
4960328
4964061
4965586
4965591
4965593
4965599
4970471
4970474
4970481
4970580
4970581
4970612
4970623
4970624
4971389
4971390
4971439
4974004
4974005
4974020
4974047
4974087
4974097
4974126
4974140
4974314
4974326
4977726
4977944
4978167
4978217
4978334
4978343
4978366
4978407
4978464
4978515
4978519
4978535
4978541
4978655
4978673
4978756
4978774
4978795
4978804
4978809
4978835
4980557
4987038
4987040
4987043
4987044
4987045
4987046
4987047
4987049
4987051
4987052
4987058
4987062
4987500
5000401
5000538
5000604
5000692
5000698
5000751
5000796
5000962
5000964
5000973
5002243
5002426
5002465
5002582
5002591
5002608
5002629
5003075
5006275
5006276
5006278
5006279
5006280
5006282
5006283
5006284
5007567
5007584
5007601
5007618
5007716
5007761
5007796
5007916
5007922
5007939
5007945
5007972
5010120
5010124
5010167
5012375
5012376
5012377
5012379
5012749
5013236
5015424
5018209
5018246
5018250
5018265
5018267
5018339
5018344
5018345
5018348
5018352
5018354
5018357
5018375
5018380
5018383
5018420
5018443
5018630
5018642
5024938
5027966
5029725
5031864
5031873
5033314
5033338
5033340
5033341
5033342
5033343
5033344
5033347
5034633
5034641
5034643
5036365
5036371
5036372
5036373
5038626
5038627
5038629
5038631
5038635
5038639
5038643
5038647
5038648
5042274
5045660
5045661
5045663
5045665
5046217
5046220
5046223
5046226
5046231
5046232
5046234
5046236
5046238
5046240
5046241
5050303
5050305
5050826
5050914
5050919
5050933
5051076
5058585
5058586
5059027
5059030
5059062
5059064
5059065
5059066
5059067
5059143
5059144
5059149
5059156
5059157
5059159
5059162
5059163
5059164
5060344
5060345
5060348
5060350
5060355
5063737
5063740
5063746
5063749
5063752
5063755
5063759
5063775
5066012
5066026
5066229
5066231
5066233
5066236
5066256
5066337
5066347
5067224
5071787
5071794
5071802
5071812
5071827
5071829
5071831
5071836
5073866
5073868
5075628
5075642
5075648
5075653
5075669
5075687
5075692
5075695
5075698
5075711
5075733
5075740
5075762
5076548
5076550
5076693
5076694
5076730
5076731
5076733
5076755
5076756
5076758
5078485
5078488
5078510
5078525
5078531
5078538
5078539
5078556
5078635
5078637
5078640
5078664
5078665
5079071
5079074
5079084
5079092
5079093
5081108
5081109
5081110
5081111
5081172
5082651
5082652
5082659
5082661
5082663
5082664
5082665
5082667
5082668
5082669
5082673
5082677
5082678
5082685
5082686
5082687
5082691
5082692
5082741
5082750
5082762
5082764
5082765
5082773
5082774
5082792
5082793
5082804
5082805
5082833
5082834
5082837
5082839
5082840
5082841
5082842
5082843
5082848
5082849
5097126
5097130
5097132
5097134
5097135
5097136
5097137
5097138
5097139
5097141
5097142
5097905
5097906
5097910
5097911
5097912
5097917
5097920
5097924
5097925
5097926
5097927
5097929
5097932
5097933
5097934
5097939
5097940
5100393
5100395
5100397
5100406
5101576
5102750
5102751
5102752
5102753
5102755
5102757
5104510
5104524
5104525
5109091
5109102
5109103
5109105
5109107
5109109
5109111
5112951
5114429
5114685
5114982
5114983
5114985
5114988
5114994
5114995
5115003
5115004
5115006
5115008
5115009
5115858
5116246
5116272
5119369
5119502
5119572
5119643
5119680
5120473
5120475
5120477
5120478
5120539
5120540
5120567
5120568
5120591
5120592
5120605
5120608
5120613
5120614
5120615
5120616
5121038
5121117
5121331
5125594
5125623
5125656
5125657
5125668
5125669
5125700
5125704
5125714
5125716
5129326
5129327
5129602
5129603
5129605
5129606
5129608
5129611
5129614
5129616
5129619
5129621
5129623
5129624
5129626
5129628
5129629
5129630
5129631
5136893
5136894
5136898
5136899
5136902
5136903
5136919
5136920
5136921
5136928
5136932
5136933
5136934
5136935
5136946
5136947
5136948
5136952
5136963
5136971
5136984
5136986
5136987
5136994
5136995
5136996
5139073
5139136
5139220
5139299
5139415
5139619
5139719
5139738
5139825
5139870
5139908
5139985
5140036
5140098
5140109
5140123
5140152
5140164
5140206
5140215
5140220
5140225
5140255
5140258
5140266
5140270
5140276
5140804
5140805
5140806
5140810
5140811
5140812
5140816
5140821
5140822
5140823
5140824
5140828
5140833
5140834
5140835
5140836
5142168
5142169
5142174
5142175
5142176
5142177
5142179
5142181
5142182
5148480
5148520
5148545
5148552
5148834
5148854
5148856
5148881
5148885
5148895
5148918
5148927
5148944
5148957
5150645
5150687
5150706
5150720
5150754
5150816
5152393
5152395
5152397
5152400
5152402
5153779
5153786
5156900
5156901
5156902
5156904
5156906
5158505
5158829
5161158
5161159
5161160
5161161
5161162
5161163
5167268
5167276
5167278
5167279
5167280
5167281
5167288
5167352
5167363
5167365
5167366
5167368
5167370
5167372
5167383
5167384
5167497
5167498
5167499
5167500
5167502
5167503
5167504
5167505
5167506
5167507
5167508
5167509
5167510
5167512
5167514
5167515
5167523
5167524
5167525
5167526
5167527
5167529
5167530
5167531
5167532
5167533
5167534
5167535
5167536
5167537
5167538
5167539
5167540
5167541
5167542
5167543
5167544
5167562
5167563
5167564
5171365
5171368
5171371
5173147
5174295
5175569
5175571
5175578
5175579
5175580
5175583
5176677
5176682
5176715
5176735
5176756
5176760
5176791
5176793
5176796
5176804
5176808
5176810
5176817
5176819
5176821
5176822
5176826
5176873
5176877
5176912
5176916
5176917
5176919
5176921
5176924
5176927
5176931
5176933
5176943
5176948
5176953
5176955
5176991
5176993
5177006
5177007
5177008
5177010
5177012
5177015
5177199
5178173
5182484
5182485
5186403
5186512
5186515
5204771
5204772
5215663
5215664
5216114
5216118
5216120
5216127
5216363
5216368
5216371
5216429
5216799
5216817
5216822
5216824
5216831
5217155
5217173
5217294
5217298
5217316
5217521
5217659
5217668
5217887
5218501
5218717
5218729
5233418
5233434
5234236
5234294
5234335
5241506
5247701
5247704
5247706
5247707
5247708
5247709
5247711
5247712
5247713
5247715
5247717
5247718
5247719
5247722
5247724
5247726
5247727
5247728
5247731
5247732
5247734
5247736
5247738
5247740
5247741
5247744
5247746
5247747
5247748
5247750
5247752
5267766
5267791
5267845
5267854
5267858
5267864
5267883
5267889
5267991
5268033
5268080
5268107
5268196
5268210
5268251
5268272
5268318
5274317
5274321
5274322
5274323
5276037
5276039
5276041
5276044
5276128
5280962
5281036
5281052
5281061
5281069
5281073
5281078
5281096
5281098
5281120
5281130
5281134
5281137
5281143
5286931
5286934
5286935
5286936
5286938
5288220
5294622
5294623
5294624
5294625
5294626
5294627
5294628
5294629
5294633
5294634
5294635
5294637
5294638
5294643
5294644
5294646
5294649
5294650
5294651
5306824
5306825
5306827
5306845
5306851
5306861
5306863
5306864
5306869
5306870
5306871
5306874
5306875
5306876
5306877
5308867
5308892
5308894
5308896
5308907
5308923
5308931
5308934
5308936
5308950
5308955
5308956
5308959
5309007
5309009
5309013
5309072
5309087
5309088
5310735
5310736
5310737
5310741
5310743
5310745
5310749
5310750
5310752
5310761
5310762
5310763
5310769
5310770
5310773
5310774
5310776
5310782
5310783
5310797
5310798
5310799
5310807
5310818
5310822
5310823
5310824
5310825
5310832
5310833
5310835
5310842
5310847
5310849
5310958
5310959
5310961
5310962
5310963
5310971
5310972
5310974
5310975
5310976
5310977
5310979
5310980
5310981
5310982
5310983
5310984
5312408
5312425
5312433
5312434
5312435
5312436
5312446
5312447
5312448
5312453
5312823
5312915
5312965
5312992
5312997
5313005
5313006
5313009
5313012
5313017
5313081
5313082
5313083
5313084
5313085
5317873
5317875
5317975
5318076
5318094
5318097
5318122
5318732
5318934
5318935
5318960
5318961
5318975
5318976
5321815
5321816
5321817
5321827
5321828
5321829
5321830
5321831
5321832
5321833
5321834
5321837
5321838
5321841
5321842
5321848
5321849
5321852
5321856
5321857
5321858
5321869
5321873
5321875
5321881
5321882
5321883
5321894
5321897
5321898
5321899
5321900
5321901
5321902
5321903
5321910
5321911
5321912
5321921
5321922
5321924
5321928
5321929
5327088
5327165
5327171
5328809
5328821
5328846
5328866
5328885
5328903
5328919
5328972
5329300
5329313
5329372
5329427
5329523
5329535
5329633
5329708
5329766
5329817
5329868
5329910
5330286
5330291
5330325
5330341
5334154
5334160
5334161
5334162
5334163
5334166
5334167
5334675
5341413
5341414
5341415
5341416
5341417
5341418
5341419
5341421
5341422
5341425
5341426
5341427
5341428
5341429
5341432
5341433
5341435
5341438
5341441
5341442
5341445
5341446
5349501
5356058
5356163
5356279
5356280
5356283
5356284
5356286
5356287
5357442
5357523
5357659
5357784
5357874
5357916
5357992
5358009
5364488
5367953
5367955
5367957
5367958
5367961
5367962
5367965
5367966
5367967
5367968
5367969
5367970
5367971
5367972
5367973
5367976
5367977
5367978
5367979
5367980
5367981
5367982
5376863
5381307
5381308
5381309
5381310
5381311
5381312
5381313
5381314
5381315
5381316
5381317
5381318
5381319
5381320
5381321
5381322
5381323
5381324
5381325
5381326
5381327
5381328
5381329
5381330
5381331
5381332
5381333
5381334
5381335
5381336
5381337
5381338
5381339
5381340
5381345
5381346
5381348
5385723
5385799
5386060
5386304
5386305
5386306
5386308
5386309
5386310
5386312
5386313
5386318
5386319
5386320
5386321
5387148
5387181
5387291
5387411
5389771
5389878
5389891
5389900
5389907
5389915
5389935
5389944
5389971
5389987
5390025
5390036
5390046
5390057
5390084
5390353
5390373
5390404
5390418
5390427
5390435
5390444
5390452
5390458
5392394
5392407
5393249
5393251
5393256
5393262
5393264
5393266
5393267
5393279
5393288
5393303
5393310
5393316
5393327
5393329
5393331
5393333
5393335
5393336
5393339
5393341
5393342
5393344
5393350
5393351
5393353
5393355
5393358
5393359
5393360
5393361
5393364
5393366
5393632
5393633
5393637
5393638
5393645
5393650
5393651
5393652
5393660
5393664
5393673
5393680
5393699
5393701
5393704
5393705
5393706
5393717
5393719
5393725
5393726
5393733
5401045
5401046
5401048
5401050
5401052
5401053
5401055
5401056
5404015
5404021
5404027
5404031
5404034
5404035
5404038
5404058
5404062
5404065
5404068
5404072
5404075
5404077
5404116
5404118
5404120
5404139
5404142
5404144
5404149
5404150
5404152
5404155
5404157
5407086
5407093
5407096
5407098
5407102
5407103
5407708
5407709
5407710
5407732
5407733
5407735
5407736
5407762
5407763
5407773
5407774
5407775
5407829
5407830
5407855
5407857
5407859
5407870
5407884
5407897
5407898
5407922
5409340
5409345
5409370
5409376
5409377
5409379
5409380
5409671
5409674
5415396
5415585
5415611
5415612
5415621
5415627
5420550
5420553
5420556
5420564
5420573
5420585
5420592
5420596
5420611
5420641
5420650
5420658
5420663
5420666
5420679
5420684
5424130
5424326
5424367
5424405
5424415
5424422
5424501
5424517
5424539
5424568
5424569
5424571
5424572
5424573
5424576
5424579
5424582
5424586
5424588
5424591
5424593
5424594
5424597
5424598
5424599
5424600
5424605
5424607
5424609
5424610
5424611
5424615
5424616
5424632
5424652
5424661
5424679
5424696
5424715
5424768
5424792
5424858
5424862
5424880
5424887
5424976
5424987
5425383
5425390
5425401
5425422
5425477
5425550
5425573
5425582
5425591
5425635
5425659
5425725
5425820
5425836
5425845
5425918
5425984
5426061
5426073
5432035
5432036
5432047
5432079
5432083
5432105
5432108
5432123
5432125
5432153
5432160
5432162
5432163
5432165
5432300
5432314
5432316
5432318
5432324
5432325
5432326
5432329
5432330
5432332
5432333
5432343
5432344
5432345
5432346
5432347
5432351
5432357
5432358
5432360
5432361
5432369
5432373
5432377
5432379
5432381
5432405
5432434
5432491
5432492
5433462
5433463
5433464
5433493
5433494
5434313
5434324
5434329
5435233
5435313
5435325
5435350
5435389
5435438
5435877
5436337
5436340
5436341
5436344
5436349
5436351
5436353
5436355
5436356
5436358
5436359
5436361
5436363
5436364
5436369
5436370
5436374
5436376
5436377
5436379
5436381
5438735
5438737
5440877
5440879
5440899
5440911
5442035
5442063
5442094
5442107
5442146
5442170
5442195
5448101
5448104
5450965
5450967
5450979
5450980
5451049
5451050
5451051
5451052
5451082
5451084
5451087
5451126
5451127
5451130
5451172
5451173
5451176
5451194
5451196
5451231
5451232
5458100
5458136
5458142
5458216
5458241
5458259
5462428
5468163
5468207
5468211
5468218
5468222
5468227
5468231
5468232
5468234
5468237
5468241
5468246
5468248
5468252
5468256
5468279
5473130
5473178
5476237
5477138
5477139
5477141
5477142
5477143
5477144
5477145
5477146
5477149
5477152
5477154
5477157
5477159
5478110
5478111
5478128
5478129
5478140
5478142
5478143
5478147
5478151
5478154
5487767
5487803
5490071
5490076
5490079
5490081
5490084
5490087
5498342
5498353
5498354
5498367
5498370
5498380
5498381
5498390
5498391
5498402
5498412
5498415
5498543
5498566
5498567
5498570
5498579
5498582
5498584
5498589
5498590
5498591
5498594
5498599
5498601
5498626
5498648
5507798
5516427
5516523
5516532
5516595
5516604
5516612
5516614
5525085
5525086
5525095
5525159
5525161
5525162
5525172
5525174
5527534
5535013
5535014
5535016
5535018
5535019
5535024
5535026
5535029
5535032
5535034
5535035
5535037
5535039
5535040
5535041
5535043
5535045
5535046
5535047
5535050
5535051
5535055
5535058
5535060
5535061
5535062
5535063
5535064
5535065
5535067
5535347
5535352
5535380
5535404
5535411
5535418
5535433
5535438
5535469
5535492
5535497
5535603
5535605
5535631
5535638
5535652
5535653
5535662
5535672
5535680
5535686
5535691
5535770
5535779
5535786
5535793
5535800
5535813
5535848
5535866
5535897
5535900
5536023
5536025
5536027
5536029
5536031
5536032
5536033
5536037
5536039
5536040
5536041
5536043
5536044
5538666
5540990
5540993
5540995
5541010
5541011
5541012
5541013
5541015
5541016
5541024
5541025
5541026
5541027
5541030
5541031
5541032
5541033
5541034
5541035
5542210
5542214
5542215
5542217
5542224
5542226
5542824
5542826
5542827
5542834
5542835
5542836
5542837
5542844
5542846
5542848
5542850
5542883
5542887
5542890
5542892
5545541
5552795
5552862
5552873
5552881
5552896
5552899
5552902
5552909
5552925
5552930
5552932
5552937
5552947
5552949
5552950
5552955
5552961
5552962
5552972
5552974
5552977
5552984
5552989
5553000
5553009
5553035
5553036
5553049
5553056
5553072
5553074
5553077
5553108
5553112
5553114
5553153
5553155
5553157
5553162
5553166
5553167
5553169
5553172
5558717
5558718
5558724
5558727
5560239
5560625
5561294
5563247
5563249
5563260
5563261
5563266
5563267
5563268
5563279
5563288
5563289
5563290
5563291
5563296
5563297
5563300
5566709
5566738
5566816
5566906
5566914
5566944
5566968
5567191
5567218
5567260
5567305
5567320
5567366
5567602
5567810
5567824
5567848
5567884
5567913
5567963
5567975
5567999
5568012
5568055
5568075
5568086
5568105
5568118
5568142
5568154
5568167
5568185
5568202
5568220
5568232
5568236
5568249
5568266
5568306
5568323
5568410
5568423
5568449
5568461
5568466
5568481
5568485
5568488
5568489
5572664
5572666
5572670
5572728
5572740
5572762
5573599
5578996
5579002
5579004
5579006
5579007
5579009
5579010
5579011
5586316
5586317
5588170
5589435
5589479
5589547
5594117
5594118
5594119
5598476
5598477
5598502
5598506
5598507
5598514
5598515
5598516
5598523
5598524
5598525
5598526
5598528
5598529
5598530
5599208
5599226
5599227
5599228
5599233
5599234
5599235
5599236
5599243
5599244
5599260
5599261
5599263
5602805
5602807
5602810
5605462
5605463
5605497
5605509
5605557
5605589
5605592
5605600
5605615
5605652
5605665
5605667
5605670
5606237
5606282
5606296
5606318
5606869
5609020
5609023
5614709
5614720
5614748
5614754
5614757
5614760
5614768
5614785
5614788
5614789
5615698
5615701
5615833
5622151
5623032
5623033
5623035
5623061
5623062
5623067
5623070
5623084
5623113
5623136
5623150
5623163
5623165
5623168
5623172
5623208
5623211
5623212
5623214
5623216
5623227
5623245
5623247
5623249
5623260
5623263
5623283
5623285
5623286
5623287
5623290
5623292
5623294
5623296
5623299
5623301
5623302
5623303
5623304
5623306
5623308
5623314
5623316
5623319
5623321
5623323
5623324
5623326
5623328
5623329
5623332
5623338
5623348
5626410
5626412
5626415
5626451
5626452
5633430
5636391
5645863
5651237
5651240
5651242
5651244
5654856
5654872
5661765
5661978
5662077
5662095
5662112
5662114
5662125
5662138
5662140
5662143
5662146
5662159
5662203
5662206
5662217
5662223
5662227
5662229
5662236
5662267
5662269
5662271
5662279
5662281
5662301
5662302
5662303
5662304
5662306
5662308
5662309
5662314
5662318
5662319
5662321
5662322
5662324
5662327
5662329
5662330
5662332
5662333
5662336
5662339
5665894
5671299
5671544
5671584
5676867
5685877
5685878
5685879
5685880
5685882
5685883
5685885
5687313
5687329
5687331
5687385
5687388
5687391
5687396
5687397
5687399
5687401
5687402
5687421
5687424
5687429
5687455
5687458
5687466
5687483
5687519
5687565
5687573
5687575
5687581
5687582
5687584
5687586
5687592
5687593
5687601
5687603
5687606
5687618
5687620
5687621
5687624
5687636
5687638
5687659
5691835
5691836
5691837
5692714
5701428
5701449
5701584
5701672
5701682
5702103
5702119
5706199
5706236
5713289
5713300
5713305
5713309
5713317
5713322
5713323
5713326
5713330
5713331
5713373
5713376
5713380
5713382
5713385
5713394
5713397
5736270
5752737
5753018
5753021
5753076
5753079
5753082
5753084
5753086
5753088
5753094
5753097
5753098
5753151
5753154
5753155
5753157
5759571
5761250
5763826
5773115
5774667
5774668
5774699
5777616
5777618
5792132
5792158
5801734
5810713
5810721
5811512
5811822
5811879
5811890
5811914
5812653
5812654
5812668
5812675
5812676
5812677
5815148
5825899
5836568
5836569
5837297
5837306
5837312
5837313
5837314
5837315
5844915
5857814
5859031
5859032
5859033
5859034
5859053
5859055
5859065
5859066
5859089
5859091
5859093
5859094
5859098
5859103
5859104
5859105
5859106
5859107
5859108
5859114
5859116
5859119
5859121
5859122
5859123
5859124
5859126
5859130
5859132
5859143
5859145
5859148
5859151
5859153
5859156
5859160
5859170
5859171
5859172
5859173
5859179
5859182
5859186
5859189
5859195
5859197
5859198
5859200
5859210
5859211
5859212
5859213
5859214
5859215
5859219
5859221
5859231
5859232
5859233
5861696
5861699
5861703
5861705
5861708
5861716
5861730
5863712
5863713
5863894
5863897
5863918
5864023
5864024
5864281
5864282
5864283
5864284
5864285
5864286
5864287
5864289
5864290
5864292
5864293
5864294
5864295
5864297
5864298
5864299
5865405
5865449
5865450
5865451
5865719
5865720
5865724
5865750
5865751
5865752
5865753
5865775
5866558
5866637
5866639
5866641
5866642
5866645
5866650
5866651
5866653
5866765
5866767
5866769
5866771
5866773
5866776
5866781
5866784
5866785
5866791
5866794
5866798
5866801
5866802
5866815
5884658
5884659
5884660
5887253
5887254
5890656
5890660
5890686
5891545
5891547
5891555
5891558
5891559
5891563
5891564
5891565
5891566
5891567
5891569
5891570
5891571
5891572
5891573
5891574
5895017
5895019
5895059
5895062
5895064
5895066
5895068
5895071
5895075
5895076
5895077
5895078
5895080
5895096
5895099
5895101
5895102
5895105
5895110
5895111
5895149
5895151
5895171
5895172
5895173
5895176
5895185
5895191
5895193
5895196
5895197
5895205
5899030
5899044
5899050
5899059
5899073
5899289
5899290
5899291
5899292
5899294
5899295
5899296
5899297
5899299
5899300
5899301
5899303
5899304
5899306
5899307
5899308
5899974
5899975
5902944
5902945
5903116
5903153
5903154
5903155
5903156
5903162
5903165
5903170
5903174
5903176
5903180
5903182
5903183
5903184
5903187
5903188
5903191
5903216
5903224
5903226
5903232
5903234
5903236
5910453
5910655
5910926
5910933
5910935
5911352
5911404
5911448
5911451
5911452
5911471
5911473
5911565
5911595
5911596
5911958
5911959
5911960
5911961
5915060
5915063
5915068
5915244
5915328
5915503
5915505
5915645
5915868
5915871
5915872
5916836
5916837
5916838
5916840
5919440
5921130
5923051
5923060
5923065
5923067
5923073
5923077
5923079
5923080
5923095
5923097
5923100
5923103
5923108
5923110
5923113
5923118
5923126
5923143
5923144
5923146
5923148
5923151
5923152
5923154
5923155
5923158
5923162
5923164
5923165
5923166
5923168
5923170
5923171
5923173
5923174
5923176
5923177
5923178
5923179
5923182
5923183
5923187
5923188
5923193
5923194
5923195
5923197
5923198
5923201
5923203
5923205
5923206
5923207
5923208
5923210
5923214
5923215
5923217
5923218
5923220
5923223
5923225
5923229
5923231
5923287
5923298
5923303
5923304
5923307
5923310
5923652
5923653
5923654
5923693
5923695
5923696
5923697
5923699
5923700
5923751
5923752
5923753
5923755
5923756
5925347
5925369
5925389
5925390
5925391
5925392
5925393
5925394
5925395
5925396
5925401
5925405
5925408
5925417
5925418
5925429
5925434
5925435
5925443
5925444
5925457
5925461
5925776
5925777
5925778
5925780
5925781
5925782
5925783
5925786
5925787
5925788
5925807
5925808
5925816
5925817
5925830
5925831
5925844
5925845
5925869
5925870
5925872
5925874
5925896
5925898
5925899
5925900
5925901
5925905
5925915
5925926
5925933
5925934
5925935
5925936
5925955
5925956
5925984
5925985
5925986
5925987
5925988
5925989
5925990
5925998
5928053
5928054
5928055
5928056
5928057
5928058
5928060
5928518
5928519
5928520
5928521
5928539
5928541
5928542
5928545
5928547
5928550
5928551
5928552
5928554
5928556
5928557
5928558
5928562
5928563
5928566
5928567
5928568
5928613
5928616
5928617
5928634
5928635
5928637
5928638
5928639
5928640
5928641
5928642
5928645
5928646
5928647
5928648
5928663
5928664
5928665
5928666
5928667
5928668
5928750
5928751
5928765
5928766
5936026
5936054
5936079
5936130
5936144
5936161
5936191
5941781
5944494
5944501
5944511
5944512
5944521
5944532
5944533
5944536
5944537
5944540
5944553
5944554
5944555
5944556
5944578
5944604
5944605
5944608
5944609
5944610
5945198
5945199
5945200
5945201
5945202
5945203
5945204
5945205
5945206
5945207
5945208
5945209
5945210
5945211
5951537
5951562
5951573
5951582
5951669
5951678
5951680
5951687
5951695
5951738
5951749
5951956
5951958
5951960
5951963
5951964
5951965
5951984
5951986
5951987
5951988
5951989
5951990
5954475
5954479
5954483
5954488
5954833
5954842
5954849
5956369
5958390
5958391
5958392
5958396
5958397
5958398
5958399
5958402
5958403
5958405
5958406
5958409
5958410
5958411
5958412
5958415
5958416
5958417
5958419
5958420
5958421
5958422
5958424
5958430
5958431
5958432
5958434
5958436
5958439
5958440
5958441
5958442
5958444
5958445
5958446
5958447
5958450
5958451
5958452
5959949
5959983
5960010
5960037
5960071
5960118
5960152
5960212
5968598
5968602
5968612
5968614
5968618
5968628
5968651
5968652
5968654
5968785
5973968
5973969
5973971
5973973
5973974
5973978
5973980
5973982
5973983
5973984
5974752
5974855
5979418
5982565
5982566
5982567
5982719
5982720
5982721
5982722
5982723
5982724
5982725
5982726
5982727
5982728
5982730
5982731
5982732
5988233
5988234
5988235
5988236
5988237
5988238
5988239
5988240
5988241
5988242
5988243
5988244
5988246
5988247
5988248
5988249
5988250
5988251
5988252
5988253
5988254
5988255
5988256
5988257
5988258
5988259
5988260
5988261
5989277
5989316
5990357
5990358
5990359
5990361
5990363
5990365
5990367
5990369
5990371
6002075
6002080
6002089
6002092
6002115
6002156
6002204
6002213
6002221
6002223
6002235
6002250
6002270
6002281
6002291
6002303
6002310
6002329
6002338
6002351
6004341
6004356
6004371
6004387
6004395
6004404
6004420
6004429
6004436
6004526
6004542
6004600
6004616
6004627
6006848
6008118
6008123
6008124
6008125
6015287
6015294
6015296
6015298
6015299
6015307
6015308
6015312
6015314
6015330
6015337
6015340
6015348
6015351
6015352
6015354
6015360
6015363
6015377
6015380
6015381
6015514
6015515
6016948
6017001
6017002
6017003
6017004
6017005
6017007
6017089
6017090
6017091
6017094
6018047
6018048
6018227
6018228
6018231
6018234
6018401
6018403
6018417
6018420
6018433
6018435
6018436
6018438
6018450
6018506
6018509
6018510
6018512
6018514
6018517
6018532
6018600
6018676
6018677
6018705
6018706
6018740
6018746
6018748
6022773
6023365
6023765
6023796
6023894
6023942
6024031
6024139
6024568
6024653
6024814
6025590
6025697
6025816
6025938
6026038
6026157
6026250
6026351
6031335
6031360
6031404
6031449
6031457
6031471
6031484
6031573
6031591
6031597
6031655
6031664
6031686
6031689
6033182
6033328
6034881
6039620
6040609
6040722
6040733
6044614
6044615
6044616
6044903
6044904
6044905
6044906
6044911
6044912
6044925
6044926
6044928
6044929
6044930
6044931
6044932
6044938
6044939
6044940
6044943
6044944
6044945
6044946
6044947
6044948
6044949
6044952
6044953
6044954
6044955
6044956
6044968
6044969
6044970
6044971
6044978
6044979
6044980
6044982
6044983
6044984
6045440
6045470
6045580
6045581
6045583
6045690
6045691
6045695
6045697
6045698
6045699
6045713
6045725
6045728
6045749
6045787
6045790
6045802
6045804
6045829
6051008
6051009
6051010
6051027
6051029
6051030
6051031
6051032
6051036
6051042
6051043
6051044
6051045
6051046
6051047
6051048
6051049
6051053
6051054
6051056
6051057
6051058
6051059
6051060
6051062
6051065
6051069
6051070
6051071
6051073
6051074
6051075
6051076
6051080
6051081
6051082
6051083
6051099
6051100
6051101
6051105
6051106
6051107
6051108
6051112
6051114
6051117
6051119
6051120
6051121
6051122
6051123
6051125
6051130
6051131
6051137
6051139
6056176
6056177
6056186
6056189
6056213
6056228
6056238
6056239
6056242
6056244
6056263
6056269
6056277
6056280
6056281
6056297
6056299
6056300
6057613
6057634
6057638
6057645
6057647
6057649
6057659
6057927
6057928
6065481
6065490
6065497
6065522
6065530
6065534
6065535
6065536
6065537
6069875
6069891
6070228
6070299
6070604
6070630
6070651
6070672
6070731
6071161
6071162
6071163
6071165
6071167
6071169
6071170
6071207
6071208
6071209
6071212
6071234
6071237
6071239
6071240
6071241
6071254
6071255
6071257
6071258
6071261
6071262
6075550
6075553
6075554
6075555
6075556
6075557
6075558
6075559
6075560
6075561
6075562
6075565
6075566
6075567
6075568
6075569
6075570
6075571
6075572
6075573
6075574
6075575
6075577
6075578
6075579
6075582
6075583
6075586
6075587
6075591
6075592
6075593
6075594
6075595
6080513
6080514
6082854
6082987
6083019
6084367
6084368
6091828
6091832
6091854
6091879
6091887
6091893
6091897
6091900
6091909
6091913
6091916
6091927
6091946
6091964
6091988
6092006
6092017
6092032
6092045
6092048
6092071
6092074
6092079
6092091
6092093
6092096
6092100
6092107
6092810
6092819
6092825
6092859
6092865
6092877
6092934
6092941
6092953
6092956
6092970
6092972
6092973
6092985
6092986
6092988
6092989
6093004
6093027
6093043
6093046
6093048
6093051
6093053
6093054
6093060
6093075
6093084
6093087
6093090
6093094
6093109
6093121
6093134
6093141
6093144
6093150
6093163
6093168
6093173
6093176
6093180
6093207
6093209
6093215
6093221
6093224
6093225
6093278
6097532
6097554
6097586
6097589
6097591
6097620
6097622
6097626
6097632
6097637
6097638
6099531
6099823
6099961
6100704
6104272
6104838
6107556
6107559
6107560
6107564
6107568
6107570
6107575
6107578
6107581
6107582
6107584
6107586
6107588
6107609
6107862
6107904
6110840
6110841
6110842
6110843
6110844
6110845
6110847
6110848
6110850
6110851
6110852
6110853
6110854
6111015
6111016
6111017
6111018
6111020
6111024
6111025
6111028
6111029
6111030
6111032
6111033
6111034
6111038
6111039
6111040
6111042
6111050
6111051
6111052
6121090
6121096
6121120
6121123
6121126
6121159
6121160
6121162
6121203
6132476
6136497
6136513
6136553
6136565
6136591
6136605
6136829
6136836
6136858
6136876
6138896
6148642
6148644
6148650
6148657
6148662
6148671
6154423
6154425
6154426
6154427
6154428
6154429
6154430
6154431
6154432
6154516
6154520
6154655
6154657
6154662
6154671
6154673
6154675
6154677
6154685
6154688
6154727
6154734
6154737
6154762
6154767
6154769
6154772
6154775
6154778
6154780
6154785
6154788
6154791
6154794
6154799
6154802
6154804
6154806
6154808
6154812
6154816
6154819
6154823
6154825
6154829
6154834
6154837
6156275
6156278
6159368
6159370
6159374
6159421
6159424
6159431
6159445
6159449
6159454
6159469
6159589
6159596
6159600
6159784
6164261
6164262
6164266
6164267
6164268
6164270
6164272
6164273
6164274
6164275
6164276
6164277
6164278
6164279
6164280
6164282
6164283
6164284
6164285
6164286
6164287
6164288
6164289
6164290
6164291
6164292
6164293
6164294
6164602
6164604
6164606
6164607
6164608
6164609
6164610
6164612
6175793
6175797
6175799
6175801
6175803
6175805
6175806
6175808
6175810
6175811
6175813
6175814
6175817
6175818
6176132
6176174
6194466
6197073
6197074
6197075
6197076
6197077
6197078
6197079
6197080
6199238
6199293
6199294
6199361
6199407
6199435
6199454
6200657
6200675
6204642
6204655
6204664
6204672
6204897
6204901
6204905
6204907
6204912
6204921
6205060
6205206
6205213
6205220
6205267
6205288
6205291
6205293
6205296
6205318
6205336
6205339
6205342
6205344
6205347
6205348
6205352
6205354
6205367
6205368
6205369
6205372
6205374
6205378
6205379
6205381
6205382
6211680
6217220
6220590
6224770
6224834
6224936
6224972
6224991
6225041
6225128
6225160
6225185
6225201
6225206
6225216
6225239
6225265
6225289
6225439
6225580
6225629
6225649
6225668
6225688
6225724
6225755
6225788
6225822
6225832
6225853
6225873
6225893
6225903
6226574
6226575
6226578
6226579
6226605
6226606
6226615
6226627
6226628
6226639
6226640
6226641
6226642
6226643
6226657
6226658
6226659
6226660
6226661
6226662
6226670
6226673
6226674
6226785
6226786
6226792
6226803
6226805
6226807
6226860
6226861
6226865
6226867
6226869
6226870
6226872
6226874
6226875
6226877
6226880
6226896
6226897
6226898
6226900
6226957
6226958
6226959
6226960
6226961
6226965
6227030
6227034
6227035
6227042
6227043
6227045
6230348
6230356
6230366
6230371
6230378
6230383
6233812
6238761
6238763
6238766
6238767
6238768
6238769
6238770
6242354
6242493
6242494
6242511
6242512
6243869
6243871
6243876
6243878
6243880
6243883
6243884
6243886
6243888
6243893
6243894
6244244
6246209
6246212
6246214
6246216
6246218
6246220
6246224
6246516
6253042
6253045
6253269
6253308
6253311
6253332
6253333
6261699
6261701
6261761
6261791
6261792
6261809
6261810
6261811
6261836
6261838
6261874
6261876
6261909
6261925
6261926
6261938
6261939
6261942
6261970
6262007
6262008
6262028
6262030
6262031
6262034
6262051
6262075
6262080
6262082
6262084
6262086
6262088
6262090
6262092
6262093
6262142
6262159
6262162
6262164
6262181
6262183
6262186
6262187
6262201
6262202
6262204
6262225
6265644
6266538
6270773
6270782
6270783
6270833
6270854
6270883
6270910
6271049
6271052
6271057
6271077
6271089
6271095
6271170
6271178
6271181
6276195
6276197
6276204
6276205
6276214
6276216
6276267
6276269
6276275
6276296
6276299
6276300
6276301
6276304
6276306
6276307
6276308
6276309
6278959
6278960
6278961
6278962
6278963
6278964
6281877
6282260
6282581
6282868
6285128
6285130
6285736
6285737
6285739
6285740
6285742
6285744
6285745
6287108
6287116
6287119
6287121
6287125
6287132
6287133
6287134
6287145
6288360
6301706
6301740
6301776
6301811
6301839
6302119
6302226
6302428
6302454
6307390
6307532
6307542
6307544
6307547
6307557
6307561
6307563
6307570
6307574
6307580
6307587
6307590
6307594
6307599
6312927
6313003
6315715
6317947
6317948
6317949
6317950
6317951
6317952
6319764
6319805
6319811
6320021
6320220
6320248
6320253
6320255
6326865
6326872
6326879
6326890
6328522
6328533
6328541
6328590
6328608
6328638
6328641
6328660
6328669
6328686
6328688
6328699
6328702
6328710
6329182
6331092
6331093
6331146
6331791
6331800
6331813
6331814
6331815
6331817
6331818
6331820
6331821
6331822
6331824
6331825
6331826
6331828
6331830
6331832
6331834
6331836
6331837
6331839
6331842
6331843
6331848
6331849
6331851
6331854
6331859
6331861
6331864
6331865
6331867
6331868
6331871
6331872
6331874
6331876
6331877
6331879
6331886
6331888
6331890
6331893
6331894
6331896
6331898
6331905
6331908
6331911
6331914
6331917
6331921
6331923
6331925
6331927
6331928
6331933
6331940
6331942
6331943
6331944
6331945
6331949
6331953
6331956
6331962
6331965
6331973
6331975
6331979
6338102
6338103
6338105
6338107
6338108
6338110
6338111
6338923
6338930
6338986
6339012
6339043
6339077
6339091
6339103
6339121
6339159
6339169
6339174
6339203
6339219
6339226
6339235
6339498
6339507
6339604
6340876
6340886
6340904
6340911
6340941
6340944
6340954
6340968
6340972
6340976
6340979
6340982
6340992
6340996
6341004
6341007
6341018
6341026
6341032
6341041
6341046
6341067
6341098
6341109
6341124
6341128
6341143
6341155
6341172
6341186
6341204
6341208
6341213
6341215
6341222
6341256
6341265
6341272
6341283
6341293
6341302
6341341
6341348
6341353
6341356
6341361
6341401
6341418
6341429
6341431
6341808
6341819
6341821
6341825
6341830
6341831
6341837
6341839
6341843
6341844
6341853
6341854
6341867
6341875
6341876
6341877
6341878
6341879
6341880
6341886
6341887
6341893
6341894
6341908
6341909
6341911
6341913
6341917
6341918
6341919
6341920
6341927
6341928
6341929
6341930
6341931
6341932
6341933
6341936
6341937
6341938
6341939
6341940
6341941
6341945
6341946
6341948
6341949
6349130
6350633
6350634
6350635
6350636
6350638
6350639
6350640
6350641
6350642
6350643
6350644
6350645
6350646
6350647
6350648
6352821
6354601
6354603
6354607
6354608
6356226
6359005
6359006
6359007
6359008
6359009
6359010
6359011
6359013
6362271
6362273
6362275
6362276
6362290
6362292
6362296
6362299
6362317
6362320
6362321
6362371
6362372
6362373
6362413
6362414
6362433
6362645
6362648
6362652
6362654
6362710
6362713
6362714
6362735
6362736
6362823
6364073
6364075
6364077
6364079
6370459
6370505
6370528
6370553
6370580
6370609
6370632
6370719
6370763
6370791
6370831
6370862
6371113
6371116
6371119
6371153
6371154
6371155
6371156
6371160
6372623
6372656
6382829
6386110
6392318
6399236
6399365
6399411
6399675
6399693
6399721
6399736
6399766
6399835
6399875
6399901
6399926
6399975
6400009
6400034
6400047
6400070
6405638
6405693
6405761
6405764
6405785
6410384
6410385
6410386
6410387
6410391
6410393
6410395
6410396
6410401
6410417
6418924
6418925
6418926
6418944
6418946
6418972
6418973
6418975
6419006
6419008
6419011
6419012
6419063
6419067
6419097
6419099
6419116
6419118
6419119
6419141
6419144
6419145
6419148
6419158
6419161
6419163
6419165
6419166
6419180
6419182
6419183
6421775
6421809
6421810
6421830
6421875
6421893
6421896
6421942
6424498
6424499
6424500
6424586
6424872
6425131
6425408
6425527
6425530
6425684
6425818
6426505
6426518
6432556
6432616
6441493
6441504
6441539
6441548
6441579
6441615
6441653
6441675
6441709
6441744
6441783
6441815
6441835
6452004
6452040
6454607
6454608
6457404
6457405
6457515
6457516
6457556
6457557
6457558
6457559
6457560
6457563
6457576
6457577
6457578
6457580
6457582
6457584
6457586
6457588
6457591
6457592
6457594
6457595
6457596
6457597
6457600
6457601
6457606
6457608
6457648
6457652
6457653
6457655
6457656
6457658
6457663
6457665
6457667
6457669
6457671
6457672
6457674
6457978
6457979
6457993
6457995
6457996
6457998
6458171
6458189
6458219
6458222
6458223
6458225
6458226
6458227
6458228
6458230
6458252
6458253
6458254
6458255
6458256
6458260
6458262
6458264
6458267
6458270
6458272
6458275
6458277
6458278
6458280
6458281
6458283
6458285
6458287
6458288
6458289
6458290
6458291
6458293
6458295
6458296
6458297
6458298
6458299
6458300
6458301
6458302
6458306
6458310
6458312
6458314
6458316
6458317
6458318
6458319
6458323
6458325
6458327
6458330
6458333
6458336
6458340
6458342
6458359
6458362
6458363
6458365
6458370
6458371
6458372
6458374
6458378
6458379
6458380
6458382
6458386
6458390
6458392
6458396
6458398
6458399
6462414
6462433
6462436
6462437
6462446
6462449
6462451
6462452
6462456
6462471
6462473
6462474
6462482
6462485
6462492
6462493
6462495
6462503
6462506
6462522
6462523
6462532
6462535
6462537
6462538
6462539
6462543
6462553
6462555
6462557
6462559
6462620
6462621
6462638
6462642
6462646
6462672
6462673
6462675
6462681
6462683
6462686
6462687
6462689
6462692
6462711
6462713
6462715
6462720
6462733
6462735
6462742
6462746
6462748
6462772
6462779
6462781
6462782
6462783
6462784
6462807
6462808
6462809
6462821
6462841
6462961
6462965
6462966
6462967
6462969
6466201
6471921
6471922
6472685
6472689
6472695
6472712
6472717
6472720
6472722
6472723
6472725
6472729
6472733
6472737
6472739
6472742
6472744
6472754
6472765
6472774
6472780
6472783
6475726
6475728
6480350
6480359
6480361
6480362
6480371
6480373
6480375
6480380
6480383
6480386
6480388
6480407
6481741
6481747
6481755
6481765
6481817
6481936
6481943
6482000
6482001
6482005
6482007
6482018
6482020
6482021
6482534
6482538
6482649
6482674
6482682
6482699
6482722
6482750
6482766
6482822
6482827
6482830
6482854
6482866
6482875
6482930
6482931
6482946
6482957
6482959
6482960
6482962
6482963
6482966
6482967
6482970
6482971
6482974
6482975
6482977
6482979
6486732
6489397
6490560
6490562
6490648
6490729
6490731
6491910
6491913
6491914
6491916
6491919
6491920
6491924
6491928
6491930
6491931
6491935
6491938
6491939
6491942
6495748
6495749
6495750
6495791
6495795
6495796
6495799
6495800
6495802
6495804
6495805
6495806
6495807
6495808
6495809
6495810
6495811
6495812
6495813
6495814
6495815
6495816
6495818
6495819
6495820
6495821
6495822
6495823
6495825
6495827
6495829
6495830
6495831
6495833
6495836
6495838
6495839
6495840
6495841
6495842
6495843
6495844
6495847
6495848
6495849
6495851
6495852
6495853
6495856
6495857
6495858
6495859
6495860
6495862
6495863
6495864
6495866
6495868
6495883
6497185
6497322
6497400
6497498
6497590
6497682
6497811
6498174
6498198
6498210
6498304
6498431
6498538
6498727
6517839
6517884
6520341
6520342
6520343
6533388
6533428
6533432
6533435
6533442
6533444
6533449
6533456
6533459
6533461
6533465
6547514
6554923
6554948
6554983
6555033
6555070
6581338
6583564
6583572
6583855
6583857
6583874
6583933
6583935
6583936
6583938
6583939
6583941
6583943
6583944
6583945
6583946
6583947
6583950
6583953
6583955
6583964
6583965
6583967
6583972
6583975
6583979
6583981
6583982
6583985
6583986
6583988
6583989
6583990
6583991
6586467
6586557
6586625
6586651
6586686
6586712
6586728
6586729
6586736
6586742
6586748
6586755
6586768
6586795
6586819
6586842
6586867
6586882
6586932
6586962
6605455
6605680
6616479
6618666
6624702
6633290
6642075
6649836
6649892
6649925
6649926
6649963
6651245
6651289
6653346
6653347
6654277
6654291
6654336
6654446
6654448
6659865
6662961
6663034
6663059
6663084
6663218
6663231
6663242
6663246
6663253
6663415
6663423
6663427
6663446
6663472
6663483
6663490
6663504
6663538
6663540
6663544
6663557
6663576
6663577
6663578
6663579
6663580
6663581
6663583
6663608
6663614
6663619
6663853
6663860
6663863
6663872
6663875
6663880
6663886
6663893
6663898
6663904
6663907
6663915
6663917
6663924
6663930
6663933
6663957
6663965
6663979
6663984
6663989
6663994
6663999
6664017
6664024
6664117
6664131
6664132
6664150
6664155
6664159
6664165
6664176
6664183
6664206
6664213
6664219
6664220
6664239
6664244
6664249
6664257
6664261
6664268
6664272
6664277
6664286
6664291
6664296
6664300
6664304
6664307
6664317
6664324
6664326
6664330
6664333
6664338
6664344
6664349
6664355
6664360
6664403
6664407
6664413
6664427
6664435
6664439
6664443
6664448
6664460
6664465
6664471
6664474
6664479
6664482
6664486
6664491
6664494
6664500
6664503
6664513
6664518
6664520
6664524
6664532
6664533
6668929
6669077
6669136
6669154
6669223
6669349
6669444
6674732
6674734
6674736
6676631
6676652
6679041
6679045
6679048
6679162
6679168
6679188
6679345
6679348
6679454
6679457
6679470
6679471
6679477
6679480
6679487
6679536
6679544
6679577
6679578
6679588
6679591
6679592
6679601
6679676
6679696
6679698
6679733
6679734
6679758
6679802
6679815
6679838
6679858
6679890
6683928
6684219
6684430
6684694
6684717
6684746
6684795
6685230
6693128
6693184
6693188
6693222
6693224
6693248
6693249
6693268
6693279
6693301
6693302
6693875
6693891
6694095
6694169
6694406
6694451
6699761
6715184
6715186
6715188
6715190
6715192
6715193
6715195
6715196
6715197
6715218
6715219
6715225
6715226
6715227
6715229
6715230
6715231
6715234
6715238
6715239
6715240
6715242
6728720
6728747
6728750
6728776
6728785
6728790
6753906
6754069
6754129
6754165
6754234
6754295
6768170
6768171
6768180
6768183
6768185
6768186
6768188
6768190
6768221
6768227
6768228
6774914
6774915
6774916
6774917
6774918
6774920
6774921
6774922
6774923
6782036
6786761
6786762
6788659
6788698
6788712
6790993
6791051
6791052
6791057
6791066
6791077
6791081
6791094
6791152
6791158
6791162
6791167
6791177
6791260
6791282
6791299
6791306
6791373
6791392
6791405
6791420
6791430
6791443
6791459
6791467
6791478
6791490
6791504
6791516
6791554
6791576
6791588
6791599
6791606
6791614
6791624
6791631
6791655
6791668
6791681
6791693
6791713
6791714
6791717
6791718
6791719
6791722
6791723
6791724
6791730
6791734
6791735
6791737
6791741
6791761
6791789
6791795
6791806
6791815
6791846
6791872
6791882
6791888
6791896
6791902
6791909
6795508
6798553
6811094
6811255
6811327
6811343
6811424
6811425
6811443
6811446
6823351
6823708
6823709
6830468
6830470
6830505
6830506
6830518
6830535
6830866
6830867
6830870
6830871
6830873
6830874
6830875
6830876
6830877
6830878
6830880
6830881
6830883
6830902
6830903
6830914
6830915
6830921
6830924
6830925
6830931
6830932
6830934
6830943
6830944
6830951
6830953
6830959
6830965
6830966
6878146
6878148
6878150
6878153
6878155
6878158
6878161
6878164
6878165
6878166
6878169
6878170
6878171
6878173
6878174
6878226
6878249
6878286
6878418
6878457
6878460
6878461
6878464
6878466
6878469
6878471
6878472
6878475
6878476
6878478
6878479
6878481
6878482
6878484
6878487
6878490
6878524
6878615
6878616
6878618
6878619
6878620
6878622
6878625
6878626
6878627
6878716
6878733
6878773
6878774
6878776
6878779
6878780
6878782
6878783
6878784
6878785
6878788
6878790
6878848
6878849
6878851
6878853
6878963
6878966
6878967
6878968
6878970
6879052
6879682
6879684
6880614
6890468
6890470
6894739
6894740
6904347
6904369
6904381
6908295
6908298
6908300
6908301
6910926
6910928
6948195
6948316
6948355
6948430
6948464
6948481
6951157
6951158
6951159
6951160
6951162
6951163
6951164
6951165
6951166
6951167
6956350
6956587
6956643
6956703
6956739
6956762
6956818
6956864
6957205
6957240
6957322
6957396
6957450
6957486
6957574
6957830
6958186
6958188
6958189
6958191
6958192
6958194
6958195
6958198
6958200
6958202
6958206
6958208
6958209
6958210
6958211
6958213
6958214
6968252
6969458
6969530
6969560
6969596
6969629
6970035
6970063
6970137
6970391
6970489
6970646
6970660
6970661
6970664
6970665
6970666
6970667
6970675
6970676
6970677
6970704
6976459
6976462
6978376
6978384
6978389
6978396
6978398
6979480
6979482
6979502
6979506
6979522
6979524
6979573
6979575
6979608
6979610
6979612
6979620
6979621
6979658
6979659
6979660
6979662
6979664
6979706
6979708
6979712
6980014
6980015
6980017
6980026
6980027
6980031
6980053
6980055
6980119
6980121
6980159
6980163
6980188
6987282
6987283
6987284
6987285
6987298
6987299
6987306
6987308
6987309
6987326
6987329
6987334
6987336
6987338
6987441
6987442
6987443
6987444
6987446
6987447
6987448
6987449
6987450
6987452
6987463
6987464
6987467
6987469
6987518
6987519
6987527
6987529
6987531
6987532
6987535
6987536
6987537
6987541
6987554
6987555
6987557
6987559
6987560
6987562
6987564
6987573
6987575
6987592
6987593
6987596
6987601
6987607
6987609
6987619
6987621
6987624
6987625
6987629
6987631
6987938
6987939
6987940
6987941
6987942
6987943
6987944
6987945
6999804
6999902
6999907
7003216
7003256
7003262
7034126
7040965
7040973
7040974
7040980
7040981
7040984
7040986
7040987
7040989
7040991
7040992
7041029
7041052
7041053
7041060
7041067
7041079
7051960
7051961
7051962
7051963
7051965
7051966
7051967
7051968
7051969
7051971
7051972
7051973
7051974
7054587
7054588
7054597
7054598
7054599
7054600
7054601
7054602
7054603
7054604
7054605
7054606
7054607
7054608
7054609
7054610
7054611
7054612
7054613
7054614
7054615
7054616
7054617
7054618
7054619
7054620
7054621
7054622
7054623
7054624
7054625
7054626
7054627
7054628
7054629
7054630
7061981
7074145
7082198
7082345
7082409
7082431
7082725
7082885
7082949
7083104
7083318
7083469
7083702
7083866
7093492
7093494
7093495
7093497
7093500
7093503
7093505
7098160
7108764
7108765
7108767
7108769
7108771
7108772
7108774
7116392
7116395
7116397
7116456
7116464
7116467
7116504
7116505
7116516
7116563
7116564
7116565
7116620
7116625
7116632
7116634
7116640
7116641
7116644
7116905
7117015
7117019
7117071
7117074
7117078
7117295
7117309
7117311
7117312
7117316
7117318
7117341
7117345
7117349
7117479
7118363
7119890
7119892
7119896
7120014
7120022
7120025
7120028
7120032
7120039
7120043
7120106
7120114
7120153
7120195
7120200
7120315
7120318
7120421
7120484
7120493
7120550
7120562
7120608
7120614
7120618
7120659
7120663
7120800
7120837
7120840
7120885
7120891
7120897
7121412
7121414
7142515
7143097
7144307
7144354
7144382
7144714
7144756
7144835
7144881
7144895
7144919
7156274
